,pregnant,glucose,bloodPressure,skinThickness,bodyMass,pedigreeFunction,age,classVariable
pregnant,10.969581439474386,12.867663509055122,8.344537190433709,3.3142354473755016,0.19545757047987233,0.008484565934610529,22.837981252566447,0.3945492261727766
glucose,12.867663509055122,960.9520128003625,83.64013140195118,73.92105971142544,52.70424932387464,1.7710405675204957,93.04362601418804,7.362856293275563
bloodPressure,8.344537190433709,83.64013140195118,151.54234102204666,29.28804709513897,26.035648443141753,0.03413201789785192,45.96168741061694,1.0649752913356842
skinThickness,3.3142354473755016,73.92105971142544,29.28804709513897,110.75200359656202,46.88370644124436,0.43016813927474057,18.2718979652521,1.2650234342919442
bodyMass,0.19545757047987233,52.70424932387464,26.035648443141753,46.88370644124436,47.34965945938291,0.35825390595131895,5.4382226753324,0.976516149129887
pedigreeFunction,0.008484565934610529,1.7710405675204957,0.03413201789785192,0.43016813927474057,0.35825390595131895,0.11871211938037181,0.26568373617659974,0.037873801735978374
age,22.837981252566447,93.04362601418804,45.96168741061694,18.2718979652521,5.4382226753324,0.26568373617659974,115.81168670263227,1.5992559081319118
classVariable,0.3945492261727766,7.362856293275563,1.0649752913356842,1.2650234342919442,0.976516149129887,0.037873801735978374,1.5992559081319118,0.22243107769423548
